11
E.amylovora_1              0.0000000 1.5719041 1.7325151 1.7325151 0.8610955 1.1280580 1.0002990 1.6089486 1.6479184 1.0895881 0.8312408 
P.amygdali_morsprunorum_1  1.5719041 0.0000000 0.6734562 0.1520336 1.6479184 0.9484162 1.3924651 0.0217182 0.6734562 0.9930390 1.3892881 
P.amygdali_sesami_1        1.7325151 0.6734562 0.0000000 0.6657042 1.4212078 1.0630972 1.3621579 0.6504365 0.0560085 1.1316380 1.5260292 
P.cerasi_1                 1.7325151 0.1520336 0.6657042 0.0000000 1.4894366 1.0911378 1.4240487 0.1595619 0.6504365 1.1178073 1.4212078 
P.cichorii_1               0.8610955 1.6479184 1.4212078 1.4894366 0.0000000 0.8764807 0.6501080 1.6479184 1.3892881 0.9082314 0.1432914 
P.coronafaciens_1          1.1280580 0.9484162 1.0630972 1.0911378 0.8764807 0.0000000 0.7688886 0.9484162 1.0247910 0.3469676 0.8167476 
P.flourescens_beneficial_1 1.0002990 1.3924651 1.3621579 1.4240487 0.6501080 0.7688886 0.0000000 1.3621579 1.3621579 0.8833962 0.6387009 
P.savastonoi_1             1.6089486 0.0217182 0.6504365 0.1595619 1.6479184 0.9484162 1.3621579 0.0000000 0.6504365 1.0046223 1.3892881 
P.syringae_maculicola_1    1.6479184 0.6734562 0.0560085 0.6504365 1.3892881 1.0247910 1.3621579 0.6504365 0.0000000 1.1461312 1.4545466 
P.syringae_tomato_1        1.0895881 0.9930390 1.1316380 1.1178073 0.9082314 0.3469676 0.8833962 1.0046223 1.1461312 0.0000000 0.9413860 
P.viridiflava_1            0.8312408 1.3892881 1.5260292 1.4212078 0.1432914 0.8167476 0.6387009 1.3892881 1.4545466 0.9413860 0.0000000 
