11
E.amylovora_1              0.0000000 1.6110376 1.7153068 1.7669529 0.8734593 1.1346924 1.0192743 1.6482087 1.6400720 1.1021037 0.8436210 
P.amygdali_morsprunorum_1  1.6110376 0.0000000 0.6794467 0.1525082 1.6653185 0.9661937 1.3858771 0.0217392 0.6795944 1.0060120 1.4132126 
P.amygdali_sesami_1        1.7153068 0.6794467 0.0000000 0.6722749 1.4250366 1.0739222 1.3416269 0.6545993 0.0560924 1.1377690 1.5129166 
P.cerasi_1                 1.7669529 0.1525082 0.6722749 0.0000000 1.4977853 1.1093455 1.4233529 0.1602230 0.6571776 1.1286512 1.4437799 
P.cichorii_1               0.8734593 1.6653185 1.4250366 1.4977853 0.0000000 0.8985981 0.6538067 1.6497396 1.3952014 0.9272313 0.1438905 
P.coronafaciens_1          1.1346924 0.9661937 1.0739222 1.1093455 0.8985981 0.0000000 0.7833065 0.9640767 1.0311775 0.3494772 0.8349942 
P.flourescens_beneficial_1 1.0192743 1.3858771 1.3416269 1.4233529 0.6538067 0.7833065 0.0000000 1.3492268 1.3416269 0.9012272 0.6397346 
P.savastonoi_1             1.6482087 0.0217392 0.6545993 0.1602230 1.6497396 0.9640767 1.3492268 0.0000000 0.6547363 1.0175741 1.4036469 
P.syringae_maculicola_1    1.6400720 0.6795944 0.0560924 0.6571776 1.3952014 1.0311775 1.3416269 0.6547363 0.0000000 1.1488183 1.4474108 
P.syringae_tomato_1        1.1021037 1.0060120 1.1377690 1.1286512 0.9272313 0.3494772 0.9012272 1.0175741 1.1488183 0.0000000 0.9652749 
P.viridiflava_1            0.8436210 1.4132126 1.5129166 1.4437799 0.1438905 0.8349942 0.6397346 1.4036469 1.4474108 0.9652749 0.0000000 
