13
M.                         0.0000000 1.0632515 1.1361620 1.2153278 1.1137434 0.9998155 1.2234631 1.3072777 1.1475965 1.0480653 1.1282599 1.1966511 0.8619385 
P.amygdali_morsprunorum_1  1.0632515 0.0000000 0.3012747 0.7930976 0.2523569 0.9392743 0.4681034 0.9320125 1.0504112 0.0097003 0.2992573 0.4416074 0.8793219 
P.amygdali_sesami_1        1.1361620 0.3012747 0.0000000 0.7877667 0.2725218 0.9842266 0.5098497 1.0779928 1.0757644 0.2981351 0.0411333 0.4863073 0.9996078 
P.antarctica1              1.2153278 0.7930976 0.7877667 0.0000000 0.8109718 1.0709735 0.7912651 1.1248068 1.1496162 0.8013008 0.7881062 0.7557382 1.0071614 
P.cerasi_1                 1.1137434 0.2523569 0.2725218 0.8109718 0.0000000 0.9644726 0.4703364 0.9754995 1.0014422 0.2509222 0.2777747 0.4277422 0.9282567 
P.cichorii_1               0.9998155 0.9392743 0.9842266 1.0709735 0.9644726 0.0000000 1.0136253 1.0342151 1.0360180 0.9404059 1.0037733 1.0235432 0.2594917 
P.coronafaciens1           1.2234631 0.4681034 0.5098497 0.7912651 0.4703364 1.0136253 0.0000000 0.9958020 1.0414798 0.4716096 0.5118549 0.2925484 0.8926131 
P.flourescens_beneficial_1 1.3072777 0.9320125 1.0779928 1.1248068 0.9754995 1.0342151 0.9958020 0.0000000 1.1472753 0.9253411 1.0600195 1.0619221 0.9957954 
P.flourescens_cave_1       1.1475965 1.0504112 1.0757644 1.1496162 1.0014422 1.0360180 1.0414798 1.1472753 0.0000000 1.0484008 1.0803975 1.0217105 1.0064306 
P.savastanoi_1             1.0480653 0.0097003 0.2981351 0.8013008 0.2509222 0.9404059 0.4716096 0.9253411 1.0484008 0.0000000 0.2961390 0.4396124 0.8804056 
P.syringae_maculicola_1    1.1282599 0.2992573 0.0411333 0.7881062 0.2777747 1.0037733 0.5118549 1.0600195 1.0803975 0.2961390 0.0000000 0.4943127 1.0317296 
P.syringae_tomato_1        1.1966511 0.4416074 0.4863073 0.7557382 0.4277422 1.0235432 0.2925484 1.0619221 1.0217105 0.4396124 0.4943127 0.0000000 1.0035976 
P.viridiflava_1            0.8619385 0.8793219 0.9996078 1.0071614 0.9282567 0.2594917 0.8926131 0.9957954 1.0064306 0.8804056 1.0317296 1.0035976 0.0000000 
