13
M.                         0.0000000 1.1178554 1.2154430 1.3079594 1.1954025 1.0647943 1.2983175 1.3901765 1.1996216 1.1058180 1.2080162 1.3170215 0.9303784 
P.amygdali_morsprunorum_1  1.1178554 0.0000000 0.3040059 0.8345794 0.2541170 0.9925846 0.4783223 1.0403499 1.1229371 0.0096988 0.3014856 0.4523281 0.9316052 
P.amygdali_sesami_1        1.2154430 0.3040059 0.0000000 0.8288758 0.2737787 1.0498605 0.5201465 1.2178685 1.1509086 0.3010169 0.0410401 0.4965913 1.0450281 
P.antarctica1              1.3079594 0.8345794 0.8288758 0.0000000 0.8483886 1.1674673 0.8472344 1.2152643 1.2248150 0.8434312 0.8284867 0.8074162 1.1006781 
P.cerasi_1                 1.1954025 0.2541170 0.2737787 0.8483886 0.0000000 1.0182181 0.4775019 1.0889186 1.0774198 0.2527443 0.2786028 0.4355491 0.9703763 
P.cichorii_1               1.0647943 0.9925846 1.0498605 1.1674673 1.0182181 0.0000000 1.0643826 1.1095170 1.1269659 0.9879199 1.0665830 1.0855523 0.2624983 
P.coronafaciens1           1.2983175 0.4783223 0.5201465 0.8472344 0.4775019 1.0643826 0.0000000 1.0975511 1.1157221 0.4822511 0.5212950 0.2944485 0.9427468 
P.flourescens_beneficial_1 1.3901765 1.0403499 1.2178685 1.2152643 1.0889186 1.1095170 1.0975511 0.0000000 1.2741499 1.0311717 1.2060094 1.1731960 1.0777848 
P.flourescens_cave_1       1.1996216 1.1229371 1.1509086 1.2248150 1.0774198 1.1269659 1.1157221 1.2741499 0.0000000 1.1177172 1.1548774 1.0984249 1.1145584 
P.savastanoi_1             1.1058180 0.0096988 0.3010169 0.8434312 0.2527443 0.9879199 0.4822511 1.0311717 1.1177172 0.0000000 0.2988990 0.4512780 0.9274436 
P.syringae_maculicola_1    1.2080162 0.3014856 0.0410401 0.8284867 0.2786028 1.0665830 0.5212950 1.2060094 1.1548774 0.2988990 0.0000000 0.5053481 1.0751742 
P.syringae_tomato_1        1.3170215 0.4523281 0.4965913 0.8074162 0.4355491 1.0855523 0.2944485 1.1731960 1.0984249 0.4512780 0.5053481 0.0000000 1.0636659 
P.viridiflava_1            0.9303784 0.9316052 1.0450281 1.1006781 0.9703763 0.2624983 0.9427468 1.0777848 1.1145584 0.9274436 1.0751742 1.0636659 0.0000000 
