13
M.                         0.0000000 1.5968847 1.7697097 1.9730171 1.7333056 1.4976048 1.9317790 2.1437725 1.7549929 1.5734713 1.7556786 1.9695631 1.2597833 
P.amygdali_morsprunorum_1  1.5968847 0.0000000 0.3369745 1.1185429 0.2784042 1.3918953 0.5694068 1.5171454 1.6523815 0.0097374 0.3339730 0.5338626 1.3011271 
P.amygdali_sesami_1        1.7697097 0.3369745 0.0000000 1.1099609 0.3006814 1.4727457 0.6240954 1.8484432 1.6967418 0.3333176 0.0414528 0.5908447 1.4880318 
P.antarctica1              1.9730171 1.1185429 1.1099609 0.0000000 1.1392961 1.7189353 1.1520479 1.8433199 1.8382258 1.1331814 1.1106095 1.0885799 1.6086091 
P.cerasi_1                 1.7333056 0.2784042 0.3006814 1.1392961 0.0000000 1.4313107 0.5663062 1.6097182 1.5680290 0.2765340 0.3067391 0.5117657 1.3576275 
P.cichorii_1               1.4976048 1.3918953 1.4727457 1.7189353 1.4313107 0.0000000 1.4982948 1.6240480 1.6406306 1.3801729 1.5086504 1.5466590 0.2879910 
P.coronafaciens1           1.9317790 0.5694068 0.6240954 1.1520479 0.5663062 1.4982948 0.0000000 1.6165961 1.6329456 0.5742595 0.6255107 0.3267476 1.2955571 
P.flourescens_beneficial_1 2.1437725 1.5171454 1.8484432 1.8433199 1.6097182 1.6240480 1.6165961 0.0000000 2.0023476 1.4985754 1.8291352 1.7661892 1.5726428 
P.flourescens_cave_1       1.7549929 1.6523815 1.6967418 1.8382258 1.5680290 1.6406306 1.6329456 2.0023476 0.0000000 1.6396828 1.7063058 1.5953640 1.6345037 
P.savastanoi_1             1.5734713 0.0097374 0.3333176 1.1331814 0.2765340 1.3801729 0.5742595 1.4985754 1.6396828 0.0000000 0.3309958 0.5323838 1.2902166 
P.syringae_maculicola_1    1.7556786 0.3339730 0.0414528 1.1106095 0.3067391 1.5086504 0.6255107 1.8291352 1.7063058 0.3309958 0.0000000 0.6029823 1.5481017 
P.syringae_tomato_1        1.9695631 0.5338626 0.5908447 1.0885799 0.5117657 1.5466590 0.3267476 1.7661892 1.5953640 0.5323838 0.6029823 0.0000000 1.5278319 
P.viridiflava_1            1.2597833 1.3011271 1.4880318 1.6086091 1.3576275 0.2879910 1.2955571 1.5726428 1.6345037 1.2902166 1.5481017 1.5278319 0.0000000 
