13
M.                         0.0000000 1.0754144 1.1603707 1.2406036 1.1258024 1.0081285 1.2401416 1.2845073 1.1349267 1.0629401 1.1533284 1.2030407 0.8605518 
P.amygdali_morsprunorum_1  1.0754144 0.0000000 0.3000298 0.7883120 0.2511855 0.9350313 0.4659620 0.9143462 1.0265895 0.0096963 0.2981699 0.4390617 0.8754080 
P.amygdali_sesami_1        1.1603707 0.3000298 0.0000000 0.7834930 0.2716041 0.9794539 0.5084703 1.0640432 1.0500658 0.2970843 0.0411485 0.4837355 0.9960060 
P.antarctica1              1.2406036 0.7883120 0.7834930 0.0000000 0.8034747 1.0665280 0.7900725 1.1034657 1.1186776 0.7974492 0.7848879 0.7525490 0.9992816 
P.cerasi_1                 1.1258024 0.2511855 0.2716041 0.8034747 0.0000000 0.9578448 0.4679514 0.9560890 0.9763564 0.2498243 0.2769033 0.4248914 0.9197867 
P.cichorii_1               1.0081285 0.9350313 0.9794539 1.0665280 0.9578448 0.0000000 1.0087731 1.0160991 1.0091806 0.9375479 0.9997597 1.0145618 0.2590507 
P.coronafaciens1           1.2401416 0.4659620 0.5084703 0.7900725 0.4679514 1.0087731 0.0000000 0.9808735 1.0179955 0.4696205 0.5106578 0.2914648 0.8874892 
P.flourescens_beneficial_1 1.2845073 0.9143462 1.0640432 1.1034657 0.9560890 1.0160991 0.9808735 0.0000000 1.1085764 0.9094362 1.0470666 1.0411187 0.9714498 
P.flourescens_cave_1       1.1349267 1.0265895 1.0500658 1.1186776 0.9763564 1.0091806 1.0179955 1.1085764 0.0000000 1.0265895 1.0547097 0.9953169 0.9823260 
P.savastanoi_1             1.0629401 0.0096963 0.2970843 0.7974492 0.2498243 0.9375479 0.4696205 0.9094362 1.0265895 0.0000000 0.2952230 0.4372876 0.8777071 
P.syringae_maculicola_1    1.1533284 0.2981699 0.0411485 0.7848879 0.2769033 0.9997597 0.5106578 1.0470666 1.0547097 0.2952230 0.0000000 0.4916113 1.0280394 
P.syringae_tomato_1        1.2030407 0.4390617 0.4837355 0.7525490 0.4248914 1.0145618 0.2914648 1.0411187 0.9953169 0.4372876 0.4916113 0.0000000 0.9951532 
P.viridiflava_1            0.8605518 0.8754080 0.9960060 0.9992816 0.9197867 0.2590507 0.8874892 0.9714498 0.9823260 0.8777071 1.0280394 0.9951532 0.0000000 
